    0 :     1     2     3     4     5     6     7     8     9    10    11    12    13    14    15    16    17    18    19    20    21    22    23    24    25    26    27    28    29    30    31    32    33    34    35    36    37    38    39    40    41    42    43    44    45    46    47    48    49    50    51    52    53    54    55    56    57    58    65    66    67    68    69    70    71    72    73    74    75    76    77    78    79
    1 :     0     2     3     4     5     6     7     8     9    10    11    12    13    14    15    16    17    18    19    20    21    22    23    24    25    26    27    28    29    30    31    32    33    34    35    36    37    38    39    40    41    42    43    44    45    46    47    48    49    50    51    52    53    54    55    56    57    58    59    60    61    62    63    64    65    66    67    68    69    70    71    72    73    74    75    76    77    78    79
    2 :     0     1     3     4     5     6     7     8     9    10    11    12    13    14    15    16    17    18    19    20    21    22    23    24    25    26    27    28    29    30    31    32    33    34    35    36    37    38    39    40    41    42    43    44    45    46    47    48    49    50    51    52    53    54    55    56    57    58    59    60    61    62    63    64    65    66    67    68    69    70    71    72    73    74    75    76    77    78    79
    3 :     0     1     2     4     5     6     7     8     9    10    11    12    13    14    15    16    17    18    19    20    21    22    23    24    25    26    27    28    29    30    31    32    33    34    35    36    37    38    39    40    41    42    43    44    45    46    47    48    49    50    51    52    53    54    55    56    57    58    59    60    61    62    63    64    65    66    67    68    69    70    71    72    73    74    75    76    77    78    79
    4 :     0     1     2     3     5     6     7     8     9    10    11    12    13    14    15    16    17    18    19    20    21    22    23    24    25    26    27    28    29    30    31    32    33    34    35    36    37    38    39    40    41    42    43    44    45    46    47    48    49    50    51    52    53    54    55    56    57    58    59    60    61    62    63    64    65    66    67    68    69    70    71    73    74    75    76    77    78    79
    5 :     0     1     2     3     4     6     7     8     9    10    11    12    13    14    15    16    17    18    19    20    21    22    23    24    25    26    27    28    29    30    31    32    33    34    35    36    37    38    39    40    41    44    45    46    47    48    49    50    51    52    53    54    55    56    57    58    59    60    61    62    63    64    65    66    67    68    69    70
    6 :     0     1     2     3     4     5     7     8     9    10    11    12    13    14    15    16    17    18    19    20    21    22    23    24    25    26    45    46    47    48    49    50    51    52    53    54    55    56    57    58    59    60    61    62    63    64    65    66    67    68
    7 :     0     1     2     3     4     5     6     8     9    10    11    12    13    14    15    16    17    18    19    20    21    22    23    24    25    26    45    46    47    48    49    50    51    52    53    54    55    56    57    58    59    60    61    62    63    64    65    66    67    68
    8 :     0     1     2     3     4     5     6     7     9    10    11    12    13    14    15    16    17    18    19    20    21    22    23    24    25    26    45    46    47    48    49    50    51    52    53    54    55    56    57    58    59    60    61    62    63    64    65    66    67    68
    9 :     0     1     2     3     4     5     6     7     8    10    11    12    13    14    15    16    17    18    19    20    21    22    23    24    25    26    45    46    47    48    49    50    51    52    53    54    55    56    57    58    59    60    61    62    63    64    65    66    67    68
   10 :     0     1     2     3     4     5     6     7     8     9    11    12    13    14    15    16    17    18    19    20    21    22    23    24    25    26    45    46    47    48    49    50    51    52    53    54    55    56    57    58    59    60    61    62    63    64    65    66    67    68
   11 :     0     1     2     3     4     5     6     7     8     9    10    12    13    14    15    16    17    18    19    20    21    22    23    24    25    26    45    46    47    48    49    50    51    52    53    54    55    56    57    58    59    60    61    62    63    64    65    66    67    68
   12 :     0     1     2     3     4     5     6     7     8     9    10    11    13    14    15    16    17    18    19    20    21    22    23    24    25    26    45    46    47    48    49    50    51    52    53    54    55    56    57    58    59    60    61    62    63    64    65    66    67    68
   13 :     0     1     2     3     4     5     6     7     8     9    10    11    12    14    15    16    17    18    19    20    21    22    23    24    25    45    46    47    48    49    50    51    52    53    54    55    56    57    58    59    60    61    62    63    64    65    66    67    68    69
   14 :     0     1     2     3     4     5     6     7     8     9    10    11    12    13    15    16    17    18    19    20    21    22    23    24    25    45    46    47    48    49    50    51    52    53    54    55    56    57    58    59    60    61    62    63    64    65    66    67    68    69
   15 :     0     1     2     3     4     5     6     7     8     9    10    11    12    13    14    16    17    18    19    20    21    22    23    24    25    45    46    47    48    49    50    51    52    53    54    55    56    57    58    59    60    61    62    63    64    65    66    67    68    69
   16 :     0     1     2     3     4     5     6     7     8     9    10    11    12    13    14    15    17    18    19    20    21    22    23    24    25    45    46    47    48    49    50    51    52    53    54    55    56    57    58    59    60    61    62    63    64    65    66    67    68    69
   17 :     0     1     2     3     4     5     6     7     8     9    10    11    12    13    14    15    16    18    19    20    21    22    23    24    25    26    45    46    47    48    49    50    51    52    53    54    55    56    57    58    59    60    61    62    63    64    65    66    67    68
   18 :     0     1     2     3     4     5     6     7     8     9    10    11    12    13    14    15    16    17    19    20    21    22    23    24    25    26    45    46    47    48    49    50    51    52    53    54    55    56    57    58    59    60    61    62    63    64    65    66    67    68    69
   19 :     0     1     2     3     4     5     6     7     8     9    10    11    12    13    14    15    16    17    18    20    21    22    23    24    25    26    27    45    46    47    48    49    50    51    52    53    54    55    56    57    58    59    60    61    62    63    64    65    66    67    68    69    70
   20 :     0     1     2     3     4     5     6     7     8     9    10    11    12    13    14    15    16    17    18    19    21    22    23    24    25    26    27    28    29    30    31    32    33    34    35    36    37    38    39    40    41    42    43    44    45    46    47    48    49    50    51    52    53    54    55    56    57    58    59    60    61    62    63    64    65    66    67    68    69    70    71    72    73    74    75    76    77    78    79
   21 :     0     1     2     3     4     5     6     7     8     9    10    11    12    13    14    15    16    17    18    19    20    22    23    24    25    26    27    28    29    30    31    32    33    34    35    36    37    38    39    40    41    42    43    44    45    46    47    48    49    50    51    52    53    54    55    56    57    58    59    60    61    62    63    64    65    66    67    68    69    70    71    72    73    74    75    76    77    78    79
   22 :     0     1     2     3     4     5     6     7     8     9    10    11    12    13    14    15    16    17    18    19    20    21    23    24    25    26    27    28    29    30    31    32    33    34    35    36    37    38    39    40    41    42    43    44    45    46    47    48    49    50    51    52    53    54    55    56    57    58    59    60    61    62    63    64    65    66    67    68    69    70    71    72    73    74    75    76    77    78    79
   23 :     0     1     2     3     4     5     6     7     8     9    10    11    12    13    14    15    16    17    18    19    20    21    22    24    25    26    27    28    29    30    31    32    33    34    35    36    37    38    39    40    41    42    43    44    45    46    47    48    49    50    51    52    53    54    55    56    57    58    59    60    61    62    63    64    65    66    67    68    69    70    71    72    73    74    75    76    77    78    79
   24 :     0     1     2     3     4     5     6     7     8     9    10    11    12    13    14    15    16    17    18    19    20    21    22    23    25    26    27    28    29    30    31    32    33    34    35    36    37    38    39    40    41    42    43    44    45    46    47    48    49    50    51    52    53    54    55    56    57    58    59    60    61    62    63    64    65    66    67    68    69    70    71    72    73    74    75    76    77    78    79
   25 :     0     1     2     3     4     5     6     7     8     9    10    11    12    13    14    15    16    17    18    19    20    21    22    23    24    26    27    28    29    30    31    32    33    34    35    36    37    38    39    40    41    42    43    44    45    46    47    48    49    50    51    52    53    54    55    56    57    58    59    60    61    62    63    64    65    66    67    68    69    70    71    72    73    74    75    76    77    78    79
   26 :     0     1     2     3     4     5     6     7     8     9    10    11    12    17    18    19    20    21    22    23    24    25    27    28    29    30    31    32    33    34    35    36    37    38    39    40    41    42    43    44    45    46    47    48    49    50    51    65    66    67    68    69    70    71    72    73    74    75    76    77    78    79
   27 :     0     1     2     3     4     5    19    20    21    22    23    24    25    26    28    29    30    31    32    33    34    35    36    37    38    39    40    41    42    43    44    45    46    47    48    49    50    51    66    67    68    69    70    71    72    73    74    75    76    77    78    79
   28 :     0     1     2     3     4     5    20    21    22    23    24    25    26    27    29    30    31    32    33    34    35    36    37    38    39    40    41    42    43    44    45    46    47    48    49    50    66    67    68    69    70    71    72    73    74    75    76    77    78    79
   29 :     0     1     2     3     4     5    20    21    22    23    24    25    26    27    28    30    31    32    33    34    35    36    37    38    39    40    41    42    43    44    45    46    47    48    49    50    66    67    68    69    70    71    72    73    74    75    76    77    78    79
   30 :     0     1     2     3     4     5    20    21    22    23    24    25    26    27    28    29    31    32    33    34    35    36    37    38    39    40    41    42    43    44    45    46    47    48    49    50    66    67    68    69    70    71    72    73    74    75    76    77    78    79
   31 :     0     1     2     3     4     5    20    21    22    23    24    25    26    27    28    29    30    32    33    34    35    36    37    38    39    40    41    42    43    44    45    46    47    48    49    50    66    67    68    69    70    71    72    73    74    75    76    77    78    79
   32 :     0     1     2     3     4     5    20    21    22    23    24    25    26    27    28    29    30    31    33    34    35    36    37    38    39    40    41    42    43    44    45    46    47    48    49    50    66    67    68    69    70    71    72    73    74    75    76    77    78    79
   33 :     0     1     2     3     4     5    20    21    22    23    24    25    26    27    28    29    30    31    32    34    35    36    37    38    39    40    41    42    43    44    45    46    47    48    49    50    66    67    68    69    70    71    72    73    74    75    76    77    78    79
   34 :     0     1     2     3     4     5    20    21    22    23    24    25    26    27    28    29    30    31    32    33    35    36    37    38    39    40    41    42    43    44    45    46    47    48    49    50    66    67    68    69    70    71    72    73    74    75    76    77    78    79
   35 :     0     1     2     3     4     5    20    21    22    23    24    25    26    27    28    29    30    31    32    33    34    36    37    38    39    40    41    42    43    44    45    46    47    48    49    50    66    67    68    69    70    71    72    73    74    75    76    77    78    79
   36 :     0     1     2     3     4     5    20    21    22    23    24    25    26    27    28    29    30    31    32    33    34    35    37    38    39    40    41    42    43    44    45    46    47    48    49    50    66    67    68    69    70    71    72    73    74    75    76    77    78    79
   37 :     0     1     2     3     4     5    20    21    22    23    24    25    26    27    28    29    30    31    32    33    34    35    36    38    39    40    41    42    43    44    45    46    47    48    49    50    66    67    68    69    70    71    72    73    74    75    76    77    78    79
   38 :     0     1     2     3     4     5    20    21    22    23    24    25    26    27    28    29    30    31    32    33    34    35    36    37    39    40    41    42    43    44    45    46    47    48    49    50    66    67    68    69    70    71    72    73    74    75    76    77    78    79
   39 :     0     1     2     3     4     5    20    21    22    23    24    25    26    27    28    29    30    31    32    33    34    35    36    37    38    40    41    42    43    44    45    46    47    48    49    50    66    67    68    69    70    71    72    73    74    75    76    77    78    79
   40 :     0     1     2     3     4     5    20    21    22    23    24    25    26    27    28    29    30    31    32    33    34    35    36    37    38    39    41    42    43    44    45    46    47    48    49    50    66    67    68    69    70    71    72    73    74    75    76    77    78    79
   41 :     0     1     2     3     4     5    20    21    22    23    24    25    26    27    28    29    30    31    32    33    34    35    36    37    38    39    40    42    43    44    45    46    47    48    49    50    66    67    68    69    70    71    72    73    74    75    76    77    78    79
   42 :     0     1     2     3     4    20    21    22    23    24    25    26    27    28    29    30    31    32    33    34    35    36    37    38    39    40    41    43    44    45    46    47    48    49    50    65    66    67    68    69    70    71    72    73    74    75    76    77    78    79
   43 :     0     1     2     3     4    20    21    22    23    24    25    26    27    28    29    30    31    32    33    34    35    36    37    38    39    40    41    42    44    45    46    47    48    49    50    65    66    67    68    69    70    71    72    73    74    75    76    77    78    79
   44 :     0     1     2     3     4     5    20    21    22    23    24    25    26    27    28    29    30    31    32    33    34    35    36    37    38    39    40    41    42    43    45    46    47    48    49    50    51    65    66    67    68    69    70    71    72    73    74    75    76    77    78    79
   45 :     0     1     2     3     4     5     6     7     8     9    10    11    12    13    14    15    16    17    18    19    20    21    22    23    24    25    26    27    28    29    30    31    32    33    34    35    36    37    38    39    40    41    42    43    44    46    47    48    49    50    51    52    53    54    55    56    57    58    59    60    61    62    63    64    65    66    67    68    69    70    71    72    73    74    75    76    77    78    79
   46 :     0     1     2     3     4     5     6     7     8     9    10    11    12    13    14    15    16    17    18    19    20    21    22    23    24    25    26    27    28    29    30    31    32    33    34    35    36    37    38    39    40    41    42    43    44    45    47    48    49    50    51    52    53    54    55    56    57    58    59    60    61    62    63    64    65    66    67    68    69    70    71    72    73    74    75    76    77    78    79
   47 :     0     1     2     3     4     5     6     7     8     9    10    11    12    13    14    15    16    17    18    19    20    21    22    23    24    25    26    27    28    29    30    31    32    33    34    35    36    37    38    39    40    41    42    43    44    45    46    48    49    50    51    52    53    54    55    56    57    58    59    60    61    62    63    64    65    66    67    68    69    70    71    72    73    74    75    76    77    78    79
   48 :     0     1     2     3     4     5     6     7     8     9    10    11    12    13    14    15    16    17    18    19    20    21    22    23    24    25    26    27    28    29    30    31    32    33    34    35    36    37    38    39    40    41    42    43    44    45    46    47    49    50    51    52    53    54    55    56    57    58    59    60    61    62    63    64    65    66    67    68    69    70    71    72    73    74    75    76    77    78    79
   49 :     0     1     2     3     4     5     6     7     8     9    10    11    12    13    14    15    16    17    18    19    20    21    22    23    24    25    26    27    28    29    30    31    32    33    34    35    36    37    38    39    40    41    42    43    44    45    46    47    48    50    51    52    53    54    55    56    57    58    59    60    61    62    63    64    65    66    67    68    69    70    71    72    73    74    75    76    77    78    79
   50 :     0     1     2     3     4     5     6     7     8     9    10    11    12    13    14    15    16    17    18    19    20    21    22    23    24    25    26    27    28    29    30    31    32    33    34    35    36    37    38    39    40    41    42    43    44    45    46    47    48    49    51    52    53    54    55    56    57    58    59    60    61    62    63    64    65    66    67    68    69    70    71    72    73    74    75    76    77    78    79
   51 :     0     1     2     3     4     5     6     7     8     9    10    11    12    13    14    15    16    17    18    19    20    21    22    23    24    25    26    27    44    45    46    47    48    49    50    52    53    54    55    56    57    58    59    60    61    62    63    64    65    66    67    68    69    70    71    72
   52 :     0     1     2     3     4     5     6     7     8     9    10    11    12    13    14    15    16    17    18    19    20    21    22    23    24    25    45    46    47    48    49    50    51    53    54    55    56    57    58    59    60    61    62    63    64    65    66    67    68    69
   53 :     0     1     2     3     4     5     6     7     8     9    10    11    12    13    14    15    16    17    18    19    20    21    22    23    24    25    45    46    47    48    49    50    51    52    54    55    56    57    58    59    60    61    62    63    64    65    66    67    68    69
   54 :     0     1     2     3     4     5     6     7     8     9    10    11    12    13    14    15    16    17    18    19    20    21    22    23    24    25    45    46    47    48    49    50    51    52    53    55    56    57    58    59    60    61    62    63    64    65    66    67    68    69
   55 :     0     1     2     3     4     5     6     7     8     9    10    11    12    13    14    15    16    17    18    19    20    21    22    23    24    25    45    46    47    48    49    50    51    52    53    54    56    57    58    59    60    61    62    63    64    65    66    67    68    69
   56 :     0     1     2     3     4     5     6     7     8     9    10    11    12    13    14    15    16    17    18    19    20    21    22    23    24    25    45    46    47    48    49    50    51    52    53    54    55    57    58    59    60    61    62    63    64    65    66    67    68    69
   57 :     0     1     2     3     4     5     6     7     8     9    10    11    12    13    14    15    16    17    18    19    20    21    22    23    24    25    45    46    47    48    49    50    51    52    53    54    55    56    58    59    60    61    62    63    64    65    66    67    68    69
   58 :     0     1     2     3     4     5     6     7     8     9    10    11    12    13    14    15    16    17    18    19    20    21    22    23    24    25    45    46    47    48    49    50    51    52    53    54    55    56    57    59    60    61    62    63    64    65    66    67    68    69
   59 :     1     2     3     4     5     6     7     8     9    10    11    12    13    14    15    16    17    18    19    20    21    22    23    24    25    45    46    47    48    49    50    51    52    53    54    55    56    57    58    60    61    62    63    64    65    66    67    68    69    70
   60 :     1     2     3     4     5     6     7     8     9    10    11    12    13    14    15    16    17    18    19    20    21    22    23    24    25    45    46    47    48    49    50    51    52    53    54    55    56    57    58    59    61    62    63    64    65    66    67    68    69    70
   61 :     1     2     3     4     5     6     7     8     9    10    11    12    13    14    15    16    17    18    19    20    21    22    23    24    25    45    46    47    48    49    50    51    52    53    54    55    56    57    58    59    60    62    63    64    65    66    67    68    69    70
   62 :     1     2     3     4     5     6     7     8     9    10    11    12    13    14    15    16    17    18    19    20    21    22    23    24    25    45    46    47    48    49    50    51    52    53    54    55    56    57    58    59    60    61    63    64    65    66    67    68    69    70
   63 :     1     2     3     4     5     6     7     8     9    10    11    12    13    14    15    16    17    18    19    20    21    22    23    24    25    45    46    47    48    49    50    51    52    53    54    55    56    57    58    59    60    61    62    64    65    66    67    68    69    70
   64 :     1     2     3     4     5     6     7     8     9    10    11    12    13    14    15    16    17    18    19    20    21    22    23    24    25    45    46    47    48    49    50    51    52    53    54    55    56    57    58    59    60    61    62    63    65    66    67    68    69    70
   65 :     0     1     2     3     4     5     6     7     8     9    10    11    12    13    14    15    16    17    18    19    20    21    22    23    24    25    26    42    43    44    45    46    47    48    49    50    51    52    53    54    55    56    57    58    59    60    61    62    63    64    66    67    68    69    70    71    72    73    74    75    76    77    78    79
   66 :     0     1     2     3     4     5     6     7     8     9    10    11    12    13    14    15    16    17    18    19    20    21    22    23    24    25    26    27    28    29    30    31    32    33    34    35    36    37    38    39    40    41    42    43    44    45    46    47    48    49    50    51    52    53    54    55    56    57    58    59    60    61    62    63    64    65    67    68    69    70    71    72    73    74    75    76    77    78    79
   67 :     0     1     2     3     4     5     6     7     8     9    10    11    12    13    14    15    16    17    18    19    20    21    22    23    24    25    26    27    28    29    30    31    32    33    34    35    36    37    38    39    40    41    42    43    44    45    46    47    48    49    50    51    52    53    54    55    56    57    58    59    60    61    62    63    64    65    66    68    69    70    71    72    73    74    75    76    77    78    79
   68 :     0     1     2     3     4     5     6     7     8     9    10    11    12    13    14    15    16    17    18    19    20    21    22    23    24    25    26    27    28    29    30    31    32    33    34    35    36    37    38    39    40    41    42    43    44    45    46    47    48    49    50    51    52    53    54    55    56    57    58    59    60    61    62    63    64    65    66    67    69    70    71    72    73    74    75    76    77    78    79
   69 :     0     1     2     3     4     5    13    14    15    16    18    19    20    21    22    23    24    25    26    27    28    29    30    31    32    33    34    35    36    37    38    39    40    41    42    43    44    45    46    47    48    49    50    51    52    53    54    55    56    57    58    59    60    61    62    63    64    65    66    67    68    70    71    72    73    74    75    76    77    78    79
   70 :     0     1     2     3     4     5    19    20    21    22    23    24    25    26    27    28    29    30    31    32    33    34    35    36    37    38    39    40    41    42    43    44    45    46    47    48    49    50    51    59    60    61    62    63    64    65    66    67    68    69    71    72    73    74    75    76    77    78    79
   71 :     0     1     2     3     4    20    21    22    23    24    25    26    27    28    29    30    31    32    33    34    35    36    37    38    39    40    41    42    43    44    45    46    47    48    49    50    51    65    66    67    68    69    70    72    73    74    75    76    77    78    79
   72 :     0     1     2     3    20    21    22    23    24    25    26    27    28    29    30    31    32    33    34    35    36    37    38    39    40    41    42    43    44    45    46    47    48    49    50    51    65    66    67    68    69    70    71    73    74    75    76    77    78    79
   73 :     0     1     2     3     4    20    21    22    23    24    25    26    27    28    29    30    31    32    33    34    35    36    37    38    39    40    41    42    43    44    45    46    47    48    49    50    65    66    67    68    69    70    71    72    74    75    76    77    78    79
   74 :     0     1     2     3     4    20    21    22    23    24    25    26    27    28    29    30    31    32    33    34    35    36    37    38    39    40    41    42    43    44    45    46    47    48    49    50    65    66    67    68    69    70    71    72    73    75    76    77    78    79
   75 :     0     1     2     3     4    20    21    22    23    24    25    26    27    28    29    30    31    32    33    34    35    36    37    38    39    40    41    42    43    44    45    46    47    48    49    50    65    66    67    68    69    70    71    72    73    74    76    77    78    79
   76 :     0     1     2     3     4    20    21    22    23    24    25    26    27    28    29    30    31    32    33    34    35    36    37    38    39    40    41    42    43    44    45    46    47    48    49    50    65    66    67    68    69    70    71    72    73    74    75    77    78    79
   77 :     0     1     2     3     4    20    21    22    23    24    25    26    27    28    29    30    31    32    33    34    35    36    37    38    39    40    41    42    43    44    45    46    47    48    49    50    65    66    67    68    69    70    71    72    73    74    75    76    78    79
   78 :     0     1     2     3     4    20    21    22    23    24    25    26    27    28    29    30    31    32    33    34    35    36    37    38    39    40    41    42    43    44    45    46    47    48    49    50    65    66    67    68    69    70    71    72    73    74    75    76    77    79
   79 :     0     1     2     3     4    20    21    22    23    24    25    26    27    28    29    30    31    32    33    34    35    36    37    38    39    40    41    42    43    44    45    46    47    48    49    50    65    66    67    68    69    70    71    72    73    74    75    76    77    78
